0
0.00035275
0.000705459
0.00105809
0.00141059
0.00176294
0.00211508
0.00246698
0.0028186
0.00316989
0.00352082
0.00387134
0.00422142
0.00457101
0.00492008
0.00526859
0.00561648
0.00596374
0.0063103
0.00665615
0.00700123
0.0073455
0.00768893
0.00803148
0.0083731
0.00871376
0.00905342
0.00939204
0.00972959
0.010066
0.0104013
0.0107354
0.0110682
0.0113998
0.01173
0.0120589
0.0123865
0.0127126
0.0130372
0.0133603
0.013682
0.014002
0.0143204
0.0146372
0.0149523
0.0152657
0.0155773
0.0158872
0.0161952
0.0165013
0.0168056
0.0171079
0.0174083
0.0177067
0.018003
0.0182973
0.0185894
0.0188794
0.0191673
0.019453
0.0197364
0.0200175
0.0202964
0.0205729
0.0208471
0.0211188
0.0213882
0.021655
0.0219194
0.0221813
0.0224406
0.0226974
0.0229515
0.023203
0.0234518
0.023698
0.0239414
0.0241821
0.02442
0.0246551
0.0248873
0.0251167
0.0253432
0.0255668
0.0257875
0.0260052
0.0262199
0.0264316
0.0266403
0.0268459
0.0270484
0.0272478
0.0274441
0.0276372
0.0278271
0.0280139
0.0281974
0.0283777
0.0285548
0.0287285
0.028899
0.0290661
0.0292299
0.0293904
0.0295474
0.0297011
0.0298514
0.0299982
0.0301416
0.0302815
0.0304179
0.0305509
0.0306803
0.0308062
0.0309286
0.0310474
0.0311627
0.0312744
0.0313824
0.0314869
0.0315878
0.031685
0.0317786
0.0318685
0.0319548
0.0320374
0.0321163
0.0321916
0.0322631
0.0323309
0.0323951
0.0324555
0.0325121
0.0325651
0.0326142
0.0326597
0.0327014
0.0327393
0.0327735
0.0328039
0.0328306
0.0328534
0.0328725
0.0328878
0.0328994
0.0329071
0.0329111
0.0329113
0.0329077
0.0329004
0.0328892
0.0328743
0.0328556
0.0328332
0.0328069
0.0327769
0.0327431
0.0327056
0.0326643
0.0326192
0.0325705
0.0325179
0.0324616
0.0324016
0.0323379
0.0322705
0.0321993
0.0321245
0.032046
0.0319637
0.0318779
0.0317883
0.0316951
0.0315983
0.0314978
0.0313937
0.031286
0.0311747
0.0310598
0.0309414
0.0308194
0.0306938
0.0305648
0.0304322
0.0302961
0.0301566
0.0300136
0.0298671
0.0297172
0.0295639
0.0294072
0.0292471
0.0290837
0.0289169
0.0287468
0.0285734
0.0283967
0.0282167
0.0280335
0.0278471
0.0276575
0.0274647
0.0272688
0.0270697
0.0268675
0.0266622
0.0264539
0.0262425
0.0260281
0.0258107
0.0255904
0.0253671
0.0251409
0.0249118
0.0246798
0.024445
0.0242075
0.0239671
0.0237239
0.0234781
0.0232295
0.0229783
0.0227245
0.022468
0.0222089
0.0219473
0.0216832
0.0214166
0.0211475
0.020876
0.0206021
0.0203258
0.0200472
0.0197663
0.0194831
0.0191977
0.0189101
0.0186203
0.0183284
0.0180343
0.0177382
0.0174401
0.0171399
0.0168378
0.0165337
0.0162278
0.0159199
0.0156103
0.0152988
0.0149856
0.0146707
0.0143541
0.0140359
0.013716
0.0133945
0.0130716
0.0127471
0.0124211
0.0120937
0.011765
0.0114349
0.0111034
0.0107707
0.0104368
0.0101016
0.00976534
0.00942791
0.0090894
0.00874985
0.00840929
0.00806777
0.00772532
0.00738198
0.00703779
0.0066928
0.00634703
0.00600054
0.00565336
0.00530553
0.00495709
0.00460808
0.00425854
0.00390851
0.00355803
0.00320714
0.00285589
0.0025043
0.00215243
0.00180031
0.00144799
0.0010955
0.000742879
0.000390176
3.74285e-05
-0.000315323
-0.000668039
-0.00102068
-0.0013732
-0.00172556
-0.00207773
-0.00242966
