0
0.000327275
0.000654516
0.000981689
0.00130876
0.00163569
0.00196246
0.00228902
0.00261534
0.00294139
0.00326714
0.00359255
0.00391758
0.0042422
0.00456639
0.0048901
0.0052133
0.00553596
0.00585804
0.00617952
0.00650035
0.00682051
0.00713996
0.00745866
0.00777659
0.00809371
0.00841
0.0087254
0.0090399
0.00935346
0.00966605
0.00997764
0.0102882
0.0105977
0.010906
0.0112133
0.0115194
0.0118242
0.0121279
0.0124303
0.0127314
0.0130311
0.0133296
0.0136266
0.0139222
0.0142164
0.0145091
0.0148003
0.0150899
0.015378
0.0156645
0.0159493
0.0162325
0.016514
0.0167938
0.0170719
0.0173481
0.0176226
0.0178952
0.018166
0.0184349
0.0187019
0.0189669
0.01923
0.019491
0.0197501
0.020007
0.0202619
0.0205147
0.0207654
0.0210139
0.0212602
0.0215043
0.0217462
0.0219858
0.0222231
0.0224582
0.0226908
0.0229212
0.0231491
0.0233746
0.0235978
0.0238184
0.0240366
0.0242523
0.0244654
0.024676
0.0248841
0.0250896
0.0252924
0.0254927
0.0256902
0.0258851
0.0260774
0.0262669
0.0264536
0.0266377
0.0268189
0.0269974
0.0271731
0.0273459
0.0275159
0.0276831
0.0278473
0.0280087
0.0281671
0.0283227
0.0284753
0.0286249
0.0287715
0.0289152
0.0290558
0.0291935
0.0293281
0.0294596
0.0295881
0.0297135
0.0298359
0.0299551
0.0300712
0.0301842
0.030294
0.0304007
0.0305043
0.0306046
0.0307018
0.0307958
0.0308866
0.0309742
0.0310586
0.0311397
0.0312176
0.0312923
0.0313637
0.0314318
0.0314967
0.0315583
0.0316166
0.0316717
0.0317234
0.0317719
0.031817
0.0318588
0.0318974
0.0319326
0.0319645
0.031993
0.0320183
0.0320402
0.0320588
0.032074
0.032086
0.0320945
0.0320998
0.0321017
0.0321003
0.0320955
0.0320874
0.032076
0.0320612
0.0320431
0.0320217
0.031997
0.0319689
0.0319375
0.0319027
0.0318647
0.0318234
0.0317787
0.0317307
0.0316795
0.0316249
0.0315671
0.031506
0.0314416
0.0313739
0.031303
0.0312288
0.0311514
0.0310707
0.0309868
0.0308997
0.0308094
0.0307158
0.0306191
0.0305192
0.0304161
0.0303099
0.0302005
0.030088
0.0299723
0.0298536
0.0297317
0.0296067
0.0294787
0.0293476
0.0292135
0.0290763
0.0289361
0.0287928
0.0286466
0.0284974
0.0283453
0.0281902
0.0280322
0.0278712
0.0277074
0.0275407
0.0273711
0.0271987
0.0270234
0.0268453
0.0266645
0.0264809
0.0262945
0.0261054
0.0259136
0.025719
0.0255219
0.025322
0.0251195
0.0249145
0.0247068
0.0244965
0.0242838
0.0240684
0.0238506
0.0236303
0.0234076
0.0231824
0.0229548
0.0227248
0.0224925
0.0222578
0.0220208
0.0217816
0.02154
0.0212962
0.0210502
0.020802
0.0205517
0.0202992
0.0200446
0.019788
0.0195292
0.0192685
0.0190057
0.018741
0.0184743
0.0182057
0.0179352
0.0176628
0.0173886
0.0171126
0.0168348
0.0165553
0.016274
0.0159911
0.0157064
0.0154202
0.0151324
0.0148429
0.014552
0.0142595
0.0139655
0.0136701
0.0133733
0.0130751
0.0127755
0.0124746
0.0121724
0.0118689
0.0115642
0.0112583
0.0109513
0.0106431
0.0103337
0.0100233
0.00971191
0.00939947
0.00908605
0.00877168
0.00845641
0.00814025
0.00782325
0.00750544
0.00718684
0.0068675
0.00654745
0.00622671
0.00590533
0.00558333
0.00526075
0.00493763
0.00461399
0.00428988
0.00396532
0.00364034
0.00331499
0.00298929
0.00266328
