0
0.000340093
0.000680149
0.00102013
0.00136
0.00169972
0.00203926
0.00237857
0.00271762
0.00305638
0.0033948
0.00373285
0.00407049
0.00440768
0.00474439
0.00508059
0.00541623
0.00575127
0.00608569
0.00641944
0.00675248
0.00708479
0.00741633
0.00774705
0.00807692
0.00840592
0.00873399
0.0090611
0.00938723
0.00971233
0.0100364
0.0103593
0.0106811
0.0110017
0.0113212
0.0116394
0.0119563
0.0122719
0.0125862
0.012899
0.0132105
0.0135206
0.0138291
0.0141362
0.0144417
0.0147456
0.0150479
0.0153485
0.0156475
0.0159448
0.0162403
0.016534
0.016826
0.0171161
0.0174043
0.0176906
0.017975
0.0182574
0.0185378
0.0188162
0.0190925
0.0193668
0.0196389
0.0199089
0.0201767
0.0204422
0.0207056
0.0209667
0.0212255
0.0214819
0.0217361
0.0219878
0.0222371
0.022484
0.0227285
0.0229704
0.0232099
0.0234468
0.0236811
0.0239129
0.024142
0.0243685
0.0245923
0.0248134
0.0250319
0.0252475
0.0254604
0.0256706
0.0258779
0.0260824
0.026284
0.0264828
0.0266787
0.0268716
0.0270616
0.0272486
0.0274327
0.0276138
0.0277918
0.0279668
0.0281388
0.0283076
0.0284734
0.028636
0.0287955
0.0289519
0.0291051
0.0292551
0.0294019
0.0295455
0.0296859
0.029823
0.0299569
0.0300874
0.0302147
0.0303387
0.0304593
0.0305767
0.0306906
0.0308013
0.0309085
0.0310124
0.0311129
0.0312099
0.0313036
0.0313938
0.0314806
0.031564
0.0316439
0.0317203
0.0317933
0.0318628
0.0319288
0.0319913
0.0320503
0.0321058
0.0321578
0.0322063
0.0322512
0.0322926
0.0323305
0.0323649
0.0323957
0.0324229
0.0324467
0.0324668
0.0324834
0.0324965
0.032506
0.032512
0.0325143
0.0325132
0.0325085
0.0325002
0.0324883
0.032473
0.032454
0.0324315
0.0324055
0.0323759
0.0323428
0.0323061
0.0322659
0.0322221
0.0321749
0.0321241
0.0320698
0.032012
0.0319507
0.0318859
0.0318176
0.0317458
0.0316706
0.0315919
0.0315097
0.0314241
0.0313351
0.0312426
0.0311467
0.0310474
0.0309447
0.0308386
0.0307291
0.0306163
0.0305001
0.0303806
0.0302578
0.0301316
0.0300022
0.0298695
0.0297335
0.0295942
0.0294518
0.029306
0.0291571
0.029005
0.0288498
0.0286913
0.0285298
0.0283651
0.0281973
0.0280264
0.0278524
0.0276754
0.0274954
0.0273124
0.0271264
0.0269374
0.0267454
0.0265506
0.0263528
0.0261522
0.0259487
0.0257423
0.0255331
0.0253212
0.0251065
0.024889
0.0246688
0.0244459
0.0242203
0.0239921
0.0237612
0.0235278
0.0232918
0.0230532
0.0228121
0.0225685
0.0223225
0.022074
0.021823
0.0215697
0.0213141
0.0210561
0.0207958
0.0205332
0.0202684
0.0200013
0.0197321
0.0194607
0.0191872
0.0189116
0.0186339
0.0183542
0.0180725
0.0177888
0.0175031
0.0172155
0.0169261
0.0166348
0.0163417
0.0160468
0.0157501
0.0154517
0.0151516
0.0148499
0.0145465
0.0142416
0.013935
0.013627
0.0133175
0.0130065
0.0126941
0.0123803
0.0120651
0.0117487
0.0114309
0.0111119
0.0107917
0.0104703
0.0101477
0.00982406
0.00949933
0.00917355
0.00884677
0.00851903
0.00819035
0.00786077
0.00753034
0.00719908
0.00686703
0.00653424
0.00620072
0.00586653
0.0055317
0.00519626
0.00486026
0.00452372
0.00418668
0.00384919
0.00351128
0.00317298
0.00283434
0.00249539
0.00215616
0.0018167
0.00147704
0.00113721
0.000797266
0.000457231
0.000117147
