1,2.24882
2,4.17547
3,5.61391
4,10.0316
5,13.7646
6,15.2176
7,14.0803
8,12.4078
9,12.2704
10,12.4832
11,13.1825
12,13.5782
13,13.8258
14,13.6326
15,12.8212
16,13.2262
17,13.9408
18,13.4503
19,12.9703
20,13.4058
21,13.4817
22,13.6318
23,14.3775
24,14.682
25,15.9107
26,16.0216
27,16.2225
28,16.5987
29,16.9255
30,17.2939
31,18.2442
32,18.6917
33,19.9701
34,20.0989
35,20.7517
36,21.725
37,22.596
38,23.2131
39,23.1938
40,23.9052
41,24.9313
42,25.4562
43,25.4313
44,26.2508
45,27.0726
46,28.2085
47,29.0967
48,29.1829
49,29.7586
50,31.1535
51,32.0519
52,31.4315
53,31.6558
54,32.3559
55,33.4691
56,34.6994
57,33.1793
58,33.0067
59,35.3523
60,36.0829
61,37.3265
62,38.241
63,37.4648
64,37.1858
65,38.653
66,38.9378
67,39.9623
68,41.2568
69,42.438
70,43.3357
71,44.0232
72,44.3765
73,44.2243
74,44.7742
75,46.5878
76,47.1206
77,47.4239
78,47.65
79,48.1935
80,50.6163
81,50.6583
82,50.3903
83,51.4969
84,52.723
85,53.6246
86,54.1962
87,55.4671
88,56.1111
89,56.6446
90,57.9537
91,59.9708
92,59.7123
93,59.4065
94,58.9205
95,56.5858
96,58.8105
97,62.6839
98,64.3799
99,64.301
100,65.6069
101,64.9587
102,65.0825
103,68.2812
104,69.4729
105,68.5028
106,67.8967
107,68.4378
108,69.0474
109,71.0459
110,72.4906
111,73.3512
112,74.5414
113,74.309
114,74.7955
115,76.5248
116,76.8231
117,78.3089
118,79.1723
119,78.3097
120,78.7687
121,79.3788
122,81.8453
123,82.7547
124,84.8329
125,86.8102
126,85.4793
127,84.8924
128,86.6062
129,91.0339
130,92.6592
131,93.2334
132,91.886
133,88.7076
134,88.2913
135,88.0944
136,90.5248
137,92.6333
138,92.1288
139,87.4219
140,87.0444
141,92.5022
142,94.7944
143,93.724
144,93.4048
145,95.7573
146,97.1204
147,98.88
148,100.845
149,97.1267
150,95.563
151,97.2491
152,98.6383
153,95.6611
154,95.4681
155,97.9704
156,97.4062
157,95.7695
158,93.2807
159,94.3092
160,97.1768
161,99.7193
162,101.057
163,101.126
164,99.5753
165,100.714
166,103.128
167,102.975
168,103.212
169,103.755
170,104.181
171,101.916
172,101.142
173,103.939
174,104.404
175,105.484
176,107.687
177,107.83
178,109.533
179,112.495
180,114.671
181,115.195
182,113.068
183,115.464
184,117.406
185,112.607
186,110.35
187,110.629
188,111.38
189,111.947
190,113.291
191,114.721
192,116.345
193,117.496
194,115.092
195,117.229
196,119.898
197,118.436
198,114.201
199,114.954
200,120.863
201,120.039
202,115.807
203,117.823
204,120.098
205,122.147
206,124.079
207,125.741
208,125.123
209,124.762
210,124.444
211,123.996
212,123.034
213,124.314
214,127.333
215,131.249
216,132.942
217,131.547
218,129.775
219,127.503
220,129.899
221,129.314
222,130.008
223,137.618
224,139.827
225,139.241
226,138.222
227,135.749
228,131.289
229,127.09
230,126.923
231,128.408
232,132.053
233,135.978
234,137.677
235,139.132
236,138.319
237,140.367
238,142.635
239,146.123
240,145.771
241,141.017
242,140.577
243,140.984
244,137.916
245,139.563
246,138.253
247,137.982
248,141.941
249,142.097
250,141.922
251,142.532
252,144.787
253,145.51
254,142.328
255,136.861
256,132.825
257,135.863
258,142.99
259,148.687
260,146.215
261,139.227
262,137.515
263,139.632
264,136.808
265,135.824
266,139.026
267,143.021
268,145.416
269,143.18
270,144.728
271,151.581
272,148.772
273,144.464
274,140.291
275,140.177
276,141.946
277,142.74
278,142.76
279,143.981
280,142.901
281,136.394
282,135.752
283,138.501
284,139.747
285,141.204
286,143.515
287,145.524
288,144.024
289,141.242
290,142.66
291,145.989
292,147.043
293,147.509
294,139.106
295,136.414
296,144.078
297,141.231
298,138.291
299,141.185
300,145.825
301,143.249
302,142.075
303,140.658
304,142.25
305,143.077
306,141.351
307,138.305
308,134.852
309,135.263
310,135.696
311,136.135
312,139.073
313,139.838
314,134.93
315,135.206
316,138.747
317,138.534
318,140.275
319,139.58
320,138.803
321,138.164
322,136.977
323,138.82
324,141.306
325,143.447
326,139.308
327,137.763
328,139.378
329,141.501
330,140.821
331,137.672
332,137.173
333,139.651
334,141.619
335,139.789
336,142.729
337,145.679
338,144.263
339,141.549
340,139.695
341,142.369
342,148.596
343,152.97
344,150.059
345,147.604
346,148.332
347,150.474
348,151.288
349,150.116
350,153.494
351,156.666
352,158.603
353,159.668
354,150.945
355,145.957
356,148.637
357,151.86
358,154.615
359,152.864
360,150.856
361,154.883
362,157.785
363,152.171
364,154.627
365,158.979
366,158.338
367,160.672
368,158.853
369,159.176
370,160.764
371,164.963
372,164.297
373,162.001
374,162.439
375,163.691
376,166.081
377,167.211
378,165.386
379,162.879
380,163.702
381,165.672
382,163.191
383,162.91
384,168.372
385,175.787
386,173.138
387,164.257
388,159.07
389,157.449
390,159.074
391,157.047
392,151.803
393,153.015
394,155.344
395,160.505
396,162.298
397,163.348
398,166.982
399,168.069
400,166.342
401,165.203
402,168.73
403,169.225
404,167.838
405,167.732
406,163.541
407,155.408
408,154.296
409,155.514
410,154.276
411,150.766
412,152.476
413,155.05
414,147.448
415,142.959
416,145.007
417,147.022
418,150.144
419,150.913
420,147.466
421,145.654
422,147.907
423,149.24
424,146.392
425,146.311
426,146.394
427,146.094
428,149.127
429,149.111
430,147.415
431,146.952
432,146.587
433,148.455
434,153.037
435,152.623
436,153.547
437,155.51
438,151.854
439,148.092
440,145.468
441,144.412
442,144.264
443,145.923
444,150.574
445,151.013
446,148.077
447,146.673
448,146.638
449,149.241
450,149.377
451,149.566
452,148.63
453,147.415
454,148.127
455,151.734
456,151.263
457,145.296
458,144.413
459,147.933
460,154.82
461,154.166
462,150.793
463,147.93
464,148.465
465,152.809
466,150.632
467,152.828
468,158.142
469,153.006
470,147.923
471,147.943
472,150.949
473,151.462
474,151.543
475,155.867
476,156.349
477,156.4
478,157.445
479,157.58
480,157.291
481,158.077
482,160.209
483,158.073
484,160.516
485,167.192
486,168.809
487,165.423
488,159.693
489,158.975
490,164.587
491,166.495
492,167.341
493,167.642
494,163.938
495,161.074
496,160.692
497,156.811
498,161.585
499,169.014
500,169.385
501,170.119
502,167.65
503,163.533
504,163.514
505,161.908
506,165.027
507,161.498
508,157.709
509,158.763
510,159.174
511,158.988
512,162.989
513,160.555
514,160.197
515,161.332
516,162.646
517,165.522
518,165.562
519,160.635
520,158.396
521,159.89
522,162.123
523,160.915
524,158.829
525,160.932
526,164.11
527,160.434
528,155.932
529,156.091
530,159.879
531,160.047
532,159.432
533,161.521
534,159.752
535,157.323
536,156.152
537,154.746
538,151.274
539,149.505
540,150.774
541,150.24
542,150.143
543,150.388
544,150.837
545,152.581
546,153.403
547,159.642
548,161.12
549,157.984
550,156.409
551,157.346
552,158.02
553,156.341
554,156.776
555,157.157
556,159.752
557,159.31
558,158.872
559,163.657
560,164.296
561,162.298
562,161.195
563,161.228
564,159.855
565,157.453
566,160.032
567,165.271
568,160.475
569,159.169
570,163.204
571,162.511
572,156.488
573,157.124
574,159.279
575,156.662
576,153.994
577,155.75
578,154.654
579,153.365
580,157.186
581,154.977
582,150.495
583,151.374
584,154.081
585,150.789
586,148.637
587,148.488
588,144.841
589,147.65
590,146.937
591,139.385
592,138.029
593,139.283
594,141.984
595,140.155
596,135.531
597,137.909
598,144.1
599,147.865
600,149.394
601,147.292
602,145.254
603,148.794
604,151.453
605,148.545
606,143.024
607,142.727
608,146.623
609,145.975
610,149.795
611,153.452
612,154.656
613,157.091
614,158.266
615,156.217
616,154.393
617,158.118
618,158.619
619,157.967
620,157.86
621,158.909
622,160.091
623,158.919
624,156.612
625,156.343
626,156.557
627,154.949
628,155.244
629,155.162
630,156.201
631,158.104
632,156.514
633,154.853
634,155.196
635,157.772
636,159.648
637,160.054
638,156.583
639,157.421
640,159.784
641,154.733
642,154.418
643,151.993
644,149.507
645,153.486
646,155.627
647,154.021
648,150.462
649,152.748
650,158.241
651,160.723
652,160.059
653,158.1
654,156.095
655,149.751
656,148.945
657,153.37
658,152.098
659,149.931
660,153.699
661,152.961
662,154.865
663,156.641
664,155.711
665,156.708
666,155.565
667,155.894
668,157.943
669,156.721
670,159.093
671,165.208
672,165.367
673,165.668
674,166.945
675,164.384
676,162.297
677,161.485
678,166.871
679,171.336
680,172.829
681,169.124
682,162.805
683,160.925
684,159.517
685,155.826
686,155.632
687,155.412
688,159.503
689,164.494
690,165.625
691,165.755
692,158.959
693,155.771
694,159.189
695,160.973
696,159.64
697,156.431
698,155.621
699,157.553
700,156.188
701,155.762
702,158.241
703,161.25
704,157.469
705,151.278
706,152.686
707,155.801
708,156.254
709,157.776
710,158.662
711,159.409
712,158.202
713,154.971
714,154.185
715,158.353
716,158.38
717,157.588
718,158.136
719,154.048
720,153.46
721,154.735
722,154.027
723,155.406
724,155.302
725,152.483
726,154.442
727,155.688
728,152.711
729,153.97
730,157.685
731,157.466
732,155.382
733,150.504
734,151.25
735,153.292
736,153.58
737,158.559
738,157.878
739,154.299
740,154.031
741,158.569
742,160.047
743,156.249
744,158.398
745,161.941
746,156.363
747,153.99
748,152.233
749,148.022
750,147.451
751,151.754
752,152.605
753,148.998
754,144.066
755,148.787
756,156.959
757,158.392
758,160.716
759,162.044
760,165.041
761,162.178
762,160.15
763,165.571
764,165.963
765,165.274
766,165.584
767,167.363
768,167.004
769,157.154
770,157.05
771,164.103
772,165.617
773,163.953
774,160.999
775,158.58
776,160.893
777,165.39
778,163.797
779,160.779
780,156.187
781,154.356
782,151.255
783,151.483
784,154.603
785,157.79
786,155.943
787,153.113
788,154.94
789,158.082
790,158.208
791,157.521
792,155.598
793,152.011
794,148.061
795,146.3
796,145.334
797,144.051
798,149.088
799,151.347
800,152.316
801,151.732
802,148.69
803,149.505
804,152.833
805,152.012
806,149.929
807,151.194
808,151.944
809,153.371
810,155.724
811,152.095
812,149.287
813,153.166
814,155.644
815,155.416
816,156.473
817,156.788
818,154.079
819,154.606
820,160.37
821,162.523
822,157.973
823,157.014
824,155.571
825,154.559
826,161.215
827,161.545
828,156.342
829,155.692
830,159.615
831,162.592
832,160.129
833,157.393
834,158.455
835,161.714
836,159.84
837,157.063
838,156.614
839,154.507
840,153.908
841,156.931
842,154.739
843,151.222
844,156.08
845,160.252
846,160.605
847,166.663
848,171.615
849,170.855
850,173.32
851,177.724
852,179.687
853,178.709
854,170.84
855,168.458
856,167.747
857,167.072
858,170.388
859,170.349
860,172.186
861,174.852
862,173.707
863,173.719
864,177.345
865,176.394
866,169.557
867,169.483
868,174.407
869,177.649
870,179.335
871,181.548
872,182.002
873,180.311
874,179.882
875,179.693
876,180.898
877,183.554
878,188.869
879,190.282
880,189.278
881,190.351
882,188.124
883,187.492
884,191.677
885,195.804
886,197.47
887,198.766
888,195.716
889,200.177
890,201.557
891,204.902
892,209.435
893,209.645
894,204.647
895,199.788
896,201.634
897,197.513
898,188.895
899,184.107
900,181.427
901,177.767
902,180.013
903,179.561
904,178.108
905,179.986
906,176.429
907,173.092
908,173.446
909,177.214
910,179.751
911,179.757
912,176.433
913,177.472
914,181.106
915,176.384
916,171.404
917,168.243
918,165.636
919,165.432
920,165.434
921,165.993
922,170.544
923,172.629
924,172.08
925,172.901
926,172.594
927,171.891
928,173.194
929,175.818
930,176.172
931,173.919
932,174.296
933,175.803
934,175.866
935,174.594
936,175.992
937,176.8
938,169.527
939,165.473
940,168.109
941,169.127
942,168.685
943,169.136
944,172.621
945,178.622
946,174.515
947,164.627
948,165.92
949,169.342
950,167.712
951,170.783
952,175.819
953,174.263
954,167.733
955,166.958
956,168.391
957,173.581
958,173.992
959,173.513
960,174.746
961,176.412
962,179.498
963,179.31
964,175.292
965,173.195
966,175.638
967,175.928
968,172.615
969,170.005
970,166.374
971,163.948
972,169.274
973,175.629
974,175.736
975,173.04
976,174.434
977,177.475
978,179.633
979,172.635
980,165.591
981,167.655
982,166.882
983,162.666
984,163.704
985,165.261
986,165.312
987,164.93
988,167.415
989,167.454
990,170.083
991,171.699
992,169.873
993,167.282
994,164.873
995,163.259
996,164.25
997,165.56
998,167.718
999,169.068
1000,167.807
